2 0.491146 0.582812 0.04375 0.0734375
2 0.503125 0.537891 0.0395833 0.0585938
2 0.580208 0.514453 0.0229167 0.0492188
2 0.641146 0.442969 0.03125 0.059375
2 0.510677 0.517969 0.0317708 0.0578125
2 0.49375 0.551953 0.0291667 0.0476562
2 0.479167 0.610937 0.0552083 0.084375
2 0.722135 0.467187 0.0265625 0.0515625
2 0.936979 0.529297 0.0364583 0.0648438
2 0.0572917 0.605078 0.05625 0.0882813
2 0.294271 0.581641 0.0458333 0.0679687
2 0.823438 0.558984 0.0854167 0.135156
2 0.126563 0.605469 0.04375 0.0859375
