2 0.839063 0.370313 0.01875 0.03125
2 0.613021 0.375391 0.0197917 0.0320312
2 0.660156 0.378906 0.0171875 0.03125
2 0.0171875 0.441797 0.034375 0.0804688
2 0.716667 0.372656 0.0302083 0.0328125
2 0.879948 0.397656 0.0171875 0.025
2 0.0203125 0.373828 0.0291667 0.0679687
2 0.963542 0.435937 0.0291667 0.0453125
2 0.0140625 0.36875 0.0239583 0.0453125
2 0.11875 0.412891 0.0177083 0.0320312
2 0.790104 0.362891 0.0260417 0.0429688
2 0.729167 0.370313 0.0239583 0.0359375
2 0.0208333 0.469141 0.0354167 0.0742188
2 0.367708 0.365234 0.0416667 0.0742188
2 0.485156 0.369922 0.0432292 0.0804688
